SM:2023-10-17T01:41:23.1771018Z
LM:2023-10-17T02:20:11.5594909Z
CT:image/jpeg
MA:2592000
CL:1043766
