SM:2023-10-26T06:38:19.6060706Z
LM:2023-10-26T07:15:52.8471150Z
CT:image/jpeg
MA:2592000
CL:40636
