SM:2023-10-26T06:38:19.6060706Z
LM:2023-10-27T07:22:03.7984764Z
CT:image/jpeg
MA:2592000
CL:40636
