SM:2023-10-17T01:41:23.0000000Z
LM:2023-10-20T09:21:07.1973494Z
CT:image/jpeg
MA:2592000
CL:40636
