SM:2023-10-26T06:38:19.5870085Z
LM:2023-10-26T07:15:52.7836492Z
CT:image/jpeg
MA:2592000
CL:19609
