SM:2023-10-21T17:53:47.6947814Z
LM:2023-10-23T03:08:45.6151779Z
CT:image/jpeg
MA:2592000
CL:40636
