SM:2023-10-17T01:41:23.1771018Z
LM:2023-10-17T03:26:00.5406264Z
CT:image/jpeg
MA:2592000
CL:40636
