SM:2023-10-26T06:38:19.5870085Z
LM:2023-10-26T06:38:37.8632587Z
CT:image/jpeg
MA:2592000
CL:412650
