SM:2023-10-26T06:38:19.5668973Z
LM:2023-10-27T07:22:03.7984862Z
CT:image/jpeg
MA:2592000
CL:56859
