SM:2023-10-17T01:41:23.1590996Z
LM:2023-10-17T03:26:00.5406187Z
CT:image/jpeg
MA:2592000
CL:56859
