SM:2023-10-21T17:53:47.6677849Z
LM:2023-10-23T03:08:45.6151682Z
CT:image/jpeg
MA:2592000
CL:56859
